### Successfully generated input data. ###

=== EXPOSURE 1: PROCESSING ===
Found optimal Lagrange multiplier: 2.1641687369514986
mask: [  0  32  33  34  35  36  37  38  39  40  41  42  43  44  45  46  47  48
  49  50  51  52  53  54  55  56  57  58  31  30  59  28  29   1   2   3
   4   5   6   7   9  10  11  12  13   8  15  14  26  25  24  22  21  23
  27  19  18  17  16  20 724 727 726 725 723 717 721 720 719 718 728 722
 729 743 731 732 733 734 735 736 737 738 739 740 741 742 716 730 715 701
 713 744 686 687 688 689 690 691 692 693]
Expensive Allocations: 60 (desired: 60)
100 / 100 fibers used

=== EXPOSURE 2: PROCESSING ===
Found optimal Lagrange multiplier: 2.0878951778872956
mask: [  0  32  33  34  35  36  37  38  39  40  41  42  43  44  45  46  47  48
  49  50  51  52  53  54  55  56  57  59  31  30  58  28  29   2   3   4
   5   6   7   8   9  10  11  12  13   1  15  27  26  25  24  14  22  23
  20  19  18  17  16  21 710 709 708 707 699 705 704 703 702 700 706 711
 749 714 745 746 747 748 750 751 752 753 754 755 698 756 712 697 675 695
 757 661 662 663 664 665 666 667 668 669]
Expensive Allocations: 60 (desired: 60)
100 / 100 fibers used

=== EXPOSURE 3: PROCESSING ===
Found optimal Lagrange multiplier: 1.9979861951495819
mask: [  0  32  33  34  35  36  37  38  39  40  41  42  43  44  45  46  47  48
  49  50  51  52  53  54  55  56  58  59  31  30  57  28  29   1   3   4
   5   6   7   8   9  10  11  12  13   2  15  14  26  25  24  23  22  27
  20  19  18  17  16  21 684 683 682 681 679 678 677 685 674 680 676 762
 696 758 759 760 761 763 764 765 766 767 673 768 694 672 648 670 769 636
 637 638 639 640 641 642 643 644 645 646]
Expensive Allocations: 60 (desired: 60)
100 / 100 fibers used

=== EXPOSURE 4: PROCESSING ===
Found optimal Lagrange multiplier: 1.8911226322788215
mask: [  0  32  33  34  35  36  37  38  39  40  41  42  43  44  45  46  47  48
  49  50  51  52  53  54  55  57  58  59  31  30  56  28  29   1   2   4
   5   6   7   8   9  10  11  12  13   3  15  14  26  24  23  22  25  20
  16  21  17  27  18  19 671 651 653 655 656 657 658 659 660 652 654 775
 771 772 773 774 776 777 778 779 780 650 781 770 649 622 635 782 611 612
 613 614 615 616 617 618 619 620 647 621]
Expensive Allocations: 60 (desired: 60)
100 / 100 fibers used

=== EXPOSURE 5: PROCESSING ===
Found optimal Lagrange multiplier: 1.7629338745540333
mask: [  0  32  33  34  35  36  37  38  39  40  41  42  43  44  45  46  47  48
  49  50  51  52  53  55  56  57  58  59  31  30  54  28  29   1   2   4
   5   6   7   8   9  10  11  12  13   3  15  14  26  24  23  22  25  20
  16  21  17  27  18  19 634 626 628 629 624 630 631 632 633 625 627 788
 784 785 786 787 789 790 791 792 623 793 783 610 596 608 794 586 587 588
 589 590 591 592 593 594 609 595 598 599]
Expensive Allocations: 60 (desired: 60)
100 / 100 fibers used

=== EXPOSURE 6: PROCESSING ===
Found optimal Lagrange multiplier: 1.6075781250000003
mask: [  0  32  33  34  35  36  37  38  39  40  41  42  43  44  45  46  47  48
  49  50  51  52  54  55  56  57  58  59  31  30  53  28  29   1   2   3
   5   6   7   8   9  10  11  12  13   4  15  14  26  25  23  22  24  27
  20  19  18  17  21  16 607 606 605 597 603 601 795 600 604 602 801 797
 798 799 800 802 803 804 805 585 806 796 584 570 582 807 561 562 563 564
 565 566 567 568 569 571 572 573 574 575]
Expensive Allocations: 60 (desired: 60)
100 / 100 fibers used

=== EXPOSURE 7: PROCESSING ===
Found optimal Lagrange multiplier: 1.4171161976964572
mask: [  0  32  33  34  35  36  37  38  39  40  41  42  43  44  45  46  47  48
  49  50  51  53  54  55  56  57  58  59  31  30  52  28  29   1   2   3
   4   6   7   8   9  10  11  12  13   5  15  14  26  25  27  23  22  24
  20  19  18  17  16  21 560 576 577 578 579 580 581 583 808 814 810 811
 812 813 815 816 817 559 818 809 558 543 556 819 536 537 538 539 540 541
 542 544 557 545 547 548 549 550 551 552]
Expensive Allocations: 60 (desired: 60)
100 / 100 fibers used

=== EXPOSURE 8: PROCESSING ===
Found optimal Lagrange multiplier: 1.1805555555555554
mask: [  0  32  33  34  35  36  37  38  39  40  41  42  43  44  45  46  47  48
  49  50  52  53  54  55  56  57  58  59  31  30  51  28  29   1   2   3
   4   6   7   8   9  10  11  12  13   5  15  27  14  26  25  23  22  24
  20  19  18  17  16  21 535 534 821 546 553 554 555 820 822 828 824 825
 826 827 829 830 533 831 823 532 517 530 832 511 512 513 514 515 516 518
 519 520 521 522 523 524 525 526 527 528]
Expensive Allocations: 60 (desired: 60)
100 / 100 fibers used

=== EXPOSURE 9: PROCESSING ===
Found optimal Lagrange multiplier: 0.8823529411764706
mask: [   0   32   33   34   35   36   37   38   39   40   41   42   43   44
   45   46   47   48   50   51   52   53   54   55   56   57   58   59
   31   30   49   28   29    1    2    3    4    5    7    8    9   10
   11   12   13    6   15   27   14   26   25   24   22   23   20   19
   18   17   16   21  508  833  507  509  510 1058  531  834  840  836
  837  838  839  841  842  506  843  835  505  491  503  844  486  487
  488  489  490  492  493  494  495  496  497  498  499  500  501  502
  504  845]
Expensive Allocations: 60 (desired: 60)
100 / 100 fibers used

=== EXPOSURE 10: PROCESSING ===
Found optimal Lagrange multiplier: 0.8
mask: [ 0.  1.  2.  3.  4.  5.  6.  7.  8.  9. 10. 11. 12. 13. 14. 15. 16. 17.
 18. 19. 20. 21. 22. 23. 24. 25. 26. 27. 28. 29. 30. 31. 32. 33. 34. 35.
 36. 37. 38. 39. 40. 41. 42. 43. 44. 45. 46. 47. 48. 49. 50. 51. 52. 53.
 54. 55. 56. 57. 58. 59. 60. 61. 62. 63. 64. 65. 66. 67. 68. 69. 70. 71.
 72. 73. 74. 75. 76. 77. 78. 79. 80. 81. 82. 83. 84. 85. 86. 87. 88. 89.
 90. 91. 92. 93. 94. 95. 96. 97. 98. 99.]
Expensive Allocations: 60 (desired: 60)
100 / 100 fibers used

Sharp Utility: 800.0
